<?xml version="1.0"?>
<opencv_storage>
<globfeat type_id="opencv-matrix">
  <rows>1</rows>
  <cols>64</cols>
  <dt>f</dt>
  <data>
    0. 5.99403801e+01 6.85403214e+01 8.41811466e+00 0. 4.01175785e+00
    2.83647118e+01 4.78548145e+00 0. 1.26194344e+01 0. 0. 0. 0. 0. 0. 0.
    0. 0. 0. 0. 0. 0. 0. 0. 0. 0. 0. 0. 0. 0. 0. 4.44891167e+00
    4.55336428e+00 9.86497784e+00 0. 7.90745687e+00 0. 0. 0.
    5.99635887e+00 0. 0. 0. 0. 0. 0. 0. 0. 3.97307134e+00 1.50760069e+01
    3.94212246e+00 4.13555336e+00 0. 0. 0. 5.26132154e+00 0. 0. 0.
    3.16066146e+00 0. 0. 0.</data></globfeat>
</opencv_storage>
